0: (-170.50, 100.00, 186.50)
1: (-170.50, 100.00, 117.50)
2: (-165.50, 100.00, 181.50)
3: (-165.50, 100.00, 122.50)
4: (-154.50, 100.00, 330.50)
5: (-154.50, 100.00, 266.50)
6: (-154.50, 100.00, 261.50)
7: (-154.50, 100.00, 213.50)
8: (-154.50, 100.00, 138.50)
9: (-154.50, 100.00, 122.50)
10: (-149.50, 100.00, 325.50)
11: (-149.50, 100.00, 266.50)
12: (-149.50, 100.00, 261.50)
13: (-149.50, 100.00, 218.50)
14: (-149.50, 100.00, 133.50)
15: (-149.50, 100.00, 117.50)
16: (-122.50, 100.00, 266.50)
17: (-122.50, 100.00, 261.50)
18: (-122.50, 100.00, 218.50)
19: (-117.50, 100.00, 266.50)
20: (-117.50, 100.00, 261.50)
21: (-117.50, 100.00, 213.50)
22: (-106.50, 100.00, 133.50)
23: (-106.50, 100.00, 85.50)
24: (-101.50, 100.00, 138.50)
25: (-101.50, 100.00, 90.50)
26: (-90.50, 100.00, 330.50)
27: (-90.50, 100.00, 325.50)
28: (-90.50, 100.00, 293.50)
29: (-90.50, 100.00, 266.50)
30: (-90.50, 100.00, 261.50)
31: (-90.50, 100.00, 186.50)
32: (-90.50, 100.00, 181.50)
33: (-85.50, 100.00, 330.50)
34: (-85.50, 100.00, 325.50)
35: (-85.50, 100.00, 298.50)
36: (-85.50, 100.00, 266.50)
37: (-85.50, 100.00, 261.50)
38: (-85.50, 100.00, 186.50)
39: (-85.50, 100.00, 181.50)
40: (-58.50, 100.00, 234.50)
41: (-58.50, 100.00, 197.50)
42: (-58.50, 100.00, 85.50)
43: (-58.50, 100.00, 10.50)
44: (-58.50, 100.00, 5.50)
45: (-58.50, 100.00, -53.50)
46: (-58.50, 100.00, -58.50)
47: (-58.50, 100.00, -106.50)
48: (-53.50, 100.00, 229.50)
49: (-53.50, 100.00, 202.50)
50: (-53.50, 100.00, 90.50)
51: (-53.50, 100.00, 10.50)
52: (-53.50, 100.00, 5.50)
53: (-53.50, 100.00, -53.50)
54: (-53.50, 100.00, -58.50)
55: (-53.50, 100.00, -101.50)
56: (-42.50, 100.00, 330.50)
57: (-42.50, 100.00, 325.50)
58: (-42.50, 100.00, 298.50)
59: (-42.50, 100.00, 293.50)
60: (-37.50, 100.00, 330.50)
61: (-37.50, 100.00, 325.50)
62: (-37.50, 100.00, 298.50)
63: (-37.50, 100.00, 293.50)
64: (-26.50, 100.00, 229.50)
65: (-26.50, 100.00, 202.50)
66: (-26.50, 100.00, 197.50)
67: (-26.50, 100.00, 186.50)
68: (-26.50, 100.00, 181.50)
69: (-26.50, 100.00, 154.50)
70: (-26.50, 100.00, 149.50)
71: (-26.50, 100.00, 85.50)
72: (-21.50, 100.00, 234.50)
73: (-21.50, 100.00, 202.50)
74: (-21.50, 100.00, 197.50)
75: (-21.50, 100.00, 186.50)
76: (-21.50, 100.00, 181.50)
77: (-21.50, 100.00, 154.50)
78: (-21.50, 100.00, 149.50)
79: (-21.50, 100.00, 90.50)
80: (-10.50, 100.00, 5.50)
81: (-10.50, 100.00, -26.50)
82: (-5.50, 100.00, 10.50)
83: (-5.50, 100.00, -21.50)
84: (5.50, 100.00, 293.50)
85: (5.50, 100.00, 266.50)
86: (5.50, 100.00, 261.50)
87: (5.50, 100.00, 213.50)
88: (10.50, 100.00, 298.50)
89: (10.50, 100.00, 266.50)
90: (10.50, 100.00, 261.50)
91: (10.50, 100.00, 218.50)
92: (21.50, 100.00, 149.50)
93: (21.50, 100.00, 138.50)
94: (21.50, 100.00, 133.50)
95: (21.50, 100.00, 122.50)
96: (21.50, 100.00, 117.50)
97: (21.50, 100.00, 90.50)
98: (26.50, 100.00, 154.50)
99: (26.50, 100.00, 138.50)
100: (26.50, 100.00, 133.50)
101: (26.50, 100.00, 122.50)
102: (26.50, 100.00, 117.50)
103: (26.50, 100.00, 85.50)
104: (37.50, 100.00, 442.50)
105: (37.50, 100.00, 330.50)
106: (37.50, 100.00, 325.50)
107: (42.50, 100.00, 437.50)
108: (42.50, 100.00, 330.50)
109: (42.50, 100.00, 325.50)
110: (53.50, 100.00, 261.50)
111: (53.50, 100.00, 218.50)
112: (53.50, 100.00, 213.50)
113: (53.50, 100.00, 181.50)
114: (53.50, 100.00, 117.50)
115: (53.50, 100.00, 106.50)
116: (53.50, 100.00, 101.50)
117: (53.50, 100.00, -21.50)
118: (53.50, 100.00, -26.50)
119: (53.50, 100.00, -53.50)
120: (53.50, 100.00, -58.50)
121: (53.50, 100.00, -101.50)
122: (53.50, 100.00, -106.50)
123: (58.50, 100.00, 261.50)
124: (58.50, 100.00, 218.50)
125: (58.50, 100.00, 213.50)
126: (58.50, 100.00, 186.50)
127: (58.50, 100.00, 122.50)
128: (58.50, 100.00, 106.50)
129: (58.50, 100.00, 101.50)
130: (58.50, 100.00, -21.50)
131: (58.50, 100.00, -26.50)
132: (58.50, 100.00, -53.50)
133: (58.50, 100.00, -58.50)
134: (58.50, 100.00, -101.50)
135: (58.50, 100.00, -106.50)
136: (85.50, 100.00, 101.50)
137: (85.50, 100.00, 21.50)
138: (90.50, 100.00, 106.50)
139: (90.50, 100.00, 26.50)
140: (117.50, 100.00, 522.50)
141: (117.50, 100.00, 442.50)
142: (117.50, 100.00, 437.50)
143: (117.50, 100.00, 330.50)
144: (117.50, 100.00, 325.50)
145: (117.50, 100.00, 266.50)
146: (117.50, 100.00, 261.50)
147: (117.50, 100.00, 218.50)
148: (117.50, 100.00, 213.50)
149: (117.50, 100.00, 186.50)
150: (117.50, 100.00, 181.50)
151: (117.50, 100.00, 138.50)
152: (117.50, 100.00, 133.50)
153: (117.50, 100.00, 26.50)
154: (117.50, 100.00, 21.50)
155: (122.50, 100.00, 517.50)
156: (122.50, 100.00, 442.50)
157: (122.50, 100.00, 437.50)
158: (122.50, 100.00, 330.50)
159: (122.50, 100.00, 325.50)
160: (122.50, 100.00, 266.50)
161: (122.50, 100.00, 261.50)
162: (122.50, 100.00, 218.50)
163: (122.50, 100.00, 213.50)
164: (122.50, 100.00, 186.50)
165: (122.50, 100.00, 181.50)
166: (122.50, 100.00, 138.50)
167: (122.50, 100.00, 133.50)
168: (122.50, 100.00, 26.50)
169: (122.50, 100.00, 21.50)
170: (133.50, 100.00, 138.50)
171: (133.50, 100.00, 133.50)
172: (133.50, 100.00, 85.50)
173: (138.50, 100.00, 138.50)
174: (138.50, 100.00, 133.50)
175: (138.50, 100.00, 90.50)
176: (149.50, 100.00, 26.50)
177: (149.50, 100.00, 21.50)
178: (149.50, 100.00, -10.50)
179: (154.50, 100.00, 26.50)
180: (154.50, 100.00, 21.50)
181: (154.50, 100.00, -5.50)
182: (165.50, 100.00, -10.50)
183: (165.50, 100.00, -21.50)
184: (165.50, 100.00, -26.50)
185: (170.50, 100.00, -5.50)
186: (170.50, 100.00, -21.50)
187: (170.50, 100.00, -26.50)
188: (181.50, 100.00, 517.50)
189: (181.50, 100.00, 405.50)
190: (181.50, 100.00, 234.50)
191: (181.50, 100.00, 138.50)
192: (181.50, 100.00, 133.50)
193: (181.50, 100.00, 90.50)
194: (181.50, 100.00, 85.50)
195: (181.50, 100.00, 53.50)
196: (186.50, 100.00, 522.50)
197: (186.50, 100.00, 410.50)
198: (186.50, 100.00, 229.50)
199: (186.50, 100.00, 138.50)
200: (186.50, 100.00, 133.50)
201: (186.50, 100.00, 90.50)
202: (186.50, 100.00, 85.50)
203: (186.50, 100.00, 58.50)
204: (213.50, 100.00, 410.50)
205: (213.50, 100.00, 405.50)
206: (213.50, 100.00, 298.50)
207: (213.50, 100.00, 293.50)
208: (213.50, 100.00, 266.50)
209: (213.50, 100.00, 261.50)
210: (213.50, 100.00, 234.50)
211: (213.50, 100.00, 229.50)
212: (213.50, 100.00, 181.50)
213: (213.50, 100.00, -26.50)
214: (213.50, 100.00, -101.50)
215: (213.50, 100.00, -106.50)
216: (218.50, 100.00, 410.50)
217: (218.50, 100.00, 405.50)
218: (218.50, 100.00, 298.50)
219: (218.50, 100.00, 293.50)
220: (218.50, 100.00, 266.50)
221: (218.50, 100.00, 261.50)
222: (218.50, 100.00, 234.50)
223: (218.50, 100.00, 229.50)
224: (218.50, 100.00, 186.50)
225: (218.50, 100.00, -21.50)
226: (218.50, 100.00, -101.50)
227: (218.50, 100.00, -106.50)
228: (245.50, 100.00, 90.50)
229: (245.50, 100.00, 85.50)
230: (245.50, 100.00, 58.50)
231: (245.50, 100.00, 53.50)
232: (245.50, 100.00, 26.50)
233: (245.50, 100.00, 21.50)
234: (245.50, 100.00, -101.50)
235: (250.50, 100.00, 90.50)
236: (250.50, 100.00, 85.50)
237: (250.50, 100.00, 58.50)
238: (250.50, 100.00, 53.50)
239: (250.50, 100.00, -106.50)
240: (293.50, 100.00, 522.50)
241: (293.50, 100.00, 410.50)
242: (293.50, 100.00, 405.50)
243: (293.50, 100.00, 362.50)
244: (293.50, 100.00, 357.50)
245: (293.50, 100.00, 298.50)
246: (293.50, 100.00, 293.50)
247: (293.50, 100.00, 266.50)
248: (293.50, 100.00, 261.50)
249: (293.50, 100.00, 186.50)
250: (298.50, 100.00, 517.50)
251: (298.50, 100.00, 410.50)
252: (298.50, 100.00, 405.50)
253: (298.50, 100.00, 362.50)
254: (298.50, 100.00, 357.50)
255: (298.50, 100.00, 298.50)
256: (298.50, 100.00, 293.50)
257: (298.50, 100.00, 266.50)
258: (298.50, 100.00, 261.50)
259: (298.50, 100.00, 181.50)
260: (325.50, 100.00, 266.50)
261: (325.50, 100.00, 261.50)
262: (325.50, 100.00, 90.50)
263: (330.50, 100.00, 266.50)
264: (330.50, 100.00, 261.50)
265: (330.50, 100.00, 85.50)
266: (357.50, 100.00, 517.50)
267: (357.50, 100.00, 362.50)
268: (357.50, 100.00, 357.50)
269: (357.50, 100.00, 266.50)
270: (362.50, 100.00, 522.50)
271: (362.50, 100.00, 362.50)
272: (362.50, 100.00, 357.50)
273: (362.50, 100.00, 261.50)
